$ANSIBLE_VAULT;1.1;AES256
62663833636334316162613337393932323434353733653264313932353966323563383136656532
3132363139633731386232346163663463383537343636350a383939306265376139323335366335
32373361313138656537336131323936386439383836303935313136656338336130343332383563
3836306637313065650a306165643139666134643565623333333465623162396139316435616236
30643533623166346634393230656434653037346364366666343038396232336439326635636666
35633064643632633264343261376266376131393261383835316430326464323035316535653333
63333731373232396134333139653736653263643637396461343764643431666137383262383132
64313132633338653038343863336662386336336234653436356238656165626430336433643864
36656534643863656165353035633666323465356663356565366266326431383861373431363031
65336535366432363938366332363637386436613733313065623165353130353238393933633136
30393861303838643436656362383065333936343630383033616462393966383061346564363832
31373562656562316264663234383562393439326665326365623035653635313663666666643633
66396431373466323033333635313362626263303165643336633231376636663234366434393964
39613261396637373332666538313966616662373566626435396337396662326361656330393939
30303962303736346565663863333032376239623739383134623835323435326563616164356666
64313061396132306264663434386137643462303065353362643033356637313539666434323432
39393832656135353736313766373435323865626537636364633261306532383032623834313239
39636538386436333739393862383333346232636338356636353764613534303839366366343662
66616437653339316338343061626262366531316166636335343633383361303265656436353937
39643362313533663331613837613136303436376438333766646464613866653935303636323031
3733
