$ANSIBLE_VAULT;1.1;AES256
65323536316662623239353732643737613335386338623763656531323137653037363631623666
6334306465346336626237623939633161306338303863610a336163303933346462343632303137
65613235393062316437323363663537323962333864633831633562313333393165393839646130
6166633161343465610a353766643464623839323766613434363834393964376639396362373938
32653338326139656465366234396431646665646338343462373764643238346263383537336236
32346263663866623035616633336265373334326238366334313830393332656465386263623063
39343338643532396635393535333861373332663863663737663933656162306362353666343835
34383164303238333066663632653531386332343939643537663664326535306632323636306139
66636438353836363736343737303161313933303064323033313962396564636532643761376434
34656166363538343566313864333336383965386164623766303136386331353136613931353036
33346164356565653335363735626161303532376132306232656236383235646637346537643630
31383564636531386661653930366336363763306331396337383931663663366633333132623063
35393266383738613932323261613364396564393930323166643139633036393366643332383735
32626361343763623036636139306134386263393366306634303332386463336466303534646262
38313535656237333035643034303365316536376264356331313834313035343737343133666366
34633266333766613632363764376435396532393963386166373366353564343966613830346235
36363662316333636539336131306531653935613735393435663532616139346434
