$ANSIBLE_VAULT;1.1;AES256
63613334323664303466333366356134393364313739623333393237663035373435396436643639
3962353636363538393861356661376532376237386434350a313432343830616261326530336662
65313532353661373561623537336636323533636266353737386139313031333764613339383531
3065663164646237660a363565343236643664363133393363623837663839303630376339653433
62663135333839366266373533353833356663623262333636646434623462363238353462353236
34653961656661373561333966346264653730383666303332303335373433376633653935386566
38393039336530353239323635363131323130626136373131656333313662336233613633323837
34373239383863323236613939643337623339313836663262336165393833663036653130396466
34346263613966363064303530333365656537323434643737653236653763643438343739313733
37356636336434366533353633343130383634373166636263346261376139363064623562336632
61393566393835663932653332383262346630373731366536383131623138383163636238396463
33646237633937383830386137353565363536623333356537633139353732346232313833313964
61353133613730343134366438343834373930333861306130646134346665646339623839613537
31636436353037653563313066613365323962663537643934656436656666646364396539343639
39616235333363366138633036343461376430656535626138653030616161333466313739383032
31313636666236626264613539323138356437336238313465613166326435323630346266653236
63336231633566663138626464386561616434393464636365396434333764313932356131643936
33373335343164616631343139623936626534633261613064326638353863363236383265626566
62316237636363326135303162653234623432626531333166663039643963613139363037363737
63616436636432303232616565313763313236643639336437373464646235326261366161653837
37663239393937393461353431313831643762326263393331613832623233646537333330656232
36373738376136386566333266323338323361636636653636636639336363356636303962643936
65613438383637363039343532643761636638383634656432623066363065323166343836663665
65623536303136396665
